-0.250000
-0.750000
-0.250000
-0.250000
-0.750000
-0.250000
-0.250000
-0.250000
-1.189340
-0.542893
-1.000000
-0.396447
-0.250000
-1.232233
-0.250000
-0.250000
-0.250000
-0.542893
-0.250000
-0.250000
-0.250000
-0.250000
-1.292893
-0.250000
-2.146447
-0.250000
-0.250000
-0.542893
0.250000
-1.732233
-1.042893
-0.250000
-0.250000
-1.042893
-0.542893
-0.250000
-0.250000
-0.396447
-0.939340
-0.250000
-0.250000
-2.042893
-1.439340
-0.250000
-0.250000
-0.646447
-0.250000
-0.500000
-0.646447
-0.250000
-0.250000
-0.250000
-0.542893
-0.250000
-0.250000
-0.896447
-1.482233
-0.250000
-1.378680
-1.042893
-0.250000
-0.250000
-0.750000
-0.500000
-0.250000
-0.250000
-0.689340
-0.939340
-0.500000
-1.689340
-0.250000
-0.250000
-0.396447
-1.335786
-0.250000
-1.292893
-0.250000
-1.146447
-1.878680
-0.250000
-0.939340
-0.250000
-0.189340
-0.250000
-0.250000
-0.396447
-0.250000
-0.250000
-2.042893
-0.250000
-0.250000
-0.250000
-0.250000
-1.250000
-2.189340
-1.292893
-0.250000
-0.250000
-0.500000
-0.750000
-0.250000
-1.146447
-0.250000
-0.396447
-0.396447
-0.689340
-0.250000
-0.500000
-0.250000
-1.482233
-0.939340
-0.396447
0.457107
-0.896447
-0.250000
-0.250000
-0.250000
-0.250000
-0.250000
-1.439340
-0.396447
-0.250000
-0.250000
-0.750000
-0.250000
-0.250000
-0.250000
-0.250000
-1.792893
-0.250000
-0.250000
-0.250000
-0.250000
-0.250000
-1.646447
-0.250000
-0.250000
-0.896447
-0.542893
-0.250000
-1.482233
-1.775126
-0.250000
-0.750000
-0.250000
-0.646447
-1.189340
-0.250000
-0.792893
-0.250000
-1.689340
-0.250000
-0.250000
-0.250000
-0.250000
-1.439340
-0.500000
-0.250000
-0.396447
-0.250000
-0.896447
-0.250000
-0.250000
-0.250000
-0.250000
-0.250000
-0.396447
-0.646447
-0.396447
-0.250000
-0.250000
-0.250000
-0.750000
-0.646447
-0.250000
-0.250000
-0.500000
-0.250000
-0.250000
-1.396447
0.103553
-0.542893
-0.250000
-0.250000
-1.646447
-0.250000
-0.646447
-1.378680
-0.250000
-0.250000
-0.396447
-0.250000
-0.250000
-1.042893
-0.646447
-0.250000
-0.542893
-0.250000
-0.250000
-0.250000
-0.500000
-0.250000
-0.250000
-0.250000
-0.189340
-1.396447
-1.585786
-0.896447
-0.250000
-0.250000
-0.250000
-1.482233
-0.982233
-0.396447
-1.042893
-0.250000
-1.042893
-0.250000
0.500000
-0.250000
-0.396447
-0.250000
-0.250000
-1.775126
-0.250000
-0.750000
-0.250000
-0.250000
-0.250000
-0.542893
-0.250000
-1.042893
-0.250000
-0.250000
-0.750000
-1.500000
-0.396447
-0.250000
0.603553
-0.396447
-0.250000
-0.250000
-0.250000
-0.250000
-0.250000
-0.250000
-0.896447
-0.896447
-0.250000
-0.250000
-1.542893
-0.250000
-1.146447
-0.396447
-0.250000
-0.250000
-0.792893
-1.292893
-0.250000
-0.542893
-0.396447
-0.250000
-0.250000
-1.585786
-0.250000
-1.000000
-0.896447
-0.250000
-0.750000
-1.439340
-0.250000
-0.792893
-0.250000
-1.146447
-0.939340
-0.646447
-0.750000
-0.250000
-0.250000
-0.500000
-0.646447
-0.792893
-0.792893
-0.250000
-0.250000
-0.250000
-0.250000
-0.250000
0.103553
-0.792893
-2.482233
-0.250000
-0.500000
-1.585786
-0.250000
-1.335786
-2.085786
-0.500000
-0.396447
-0.250000
-0.250000
-1.585786
-0.250000
-0.250000
-0.250000
-0.250000
-0.250000
-0.896447
-2.085786
-0.250000
-0.250000
-0.250000
-0.896447
-0.896447
-0.250000
-0.250000
-1.189340
-0.250000
-0.250000
-0.250000
-0.396447
-0.250000
-0.689340
-1.146447
-0.896447
-1.421573
-0.250000
-0.250000
-0.500000
-0.250000
-0.939340
-0.250000
-0.250000
-1.292893
-0.250000
-0.896447
-0.250000
-0.250000
-0.396447
-0.792893
-0.250000
-0.250000
-1.146447
-0.250000
-0.250000
-0.646447
-0.250000
-1.250000
-1.732233
-0.250000
-0.542893
-0.250000
-0.250000
-0.250000
-0.646447
-0.646447
-0.896447
-1.146447
-0.396447
-0.646447
-0.396447
-0.250000
-0.396447
-0.250000
-0.250000
-1.732233
-0.250000
-1.000000
-0.750000
-1.792893
-2.860913
-1.292893
-0.250000
-0.250000
-0.250000
-0.750000
0.060660
-0.250000
-0.750000
-0.250000
-0.250000
-0.042893
-0.500000
-0.250000
-1.000000
-0.542893
-0.500000
-0.396447
-2.646447
-0.689340
0.853553
-2.085786
-0.250000
-0.396447
-1.189340
-0.939340
-0.250000
-0.250000
-1.732233
-0.646447
-0.396447
-1.585786
-0.750000
-0.250000
-2.378680
-0.250000
-1.646447
-0.500000
-0.250000
-0.250000
-1.042893
-0.646447
-0.250000
-0.250000
-0.250000
-0.250000
-0.250000
-0.378680
-0.250000
-0.646447
-0.250000
-0.396447
-0.896447
-2.146447
-0.250000
-0.542893
-1.439340
-0.396447
-0.250000
-0.396447
-0.646447
-0.396447
-0.250000
-0.250000
-0.250000
-0.250000
-0.250000
-0.396447
-0.250000
-0.250000
-0.396447
-0.250000
-0.250000
-1.732233
-1.835786
-0.250000
-0.896447
-0.250000
-0.250000
-1.482233
-0.792893
-0.542893
-1.146447
-0.750000
-0.896447
-1.250000
-0.500000
-0.250000
-1.439340
-0.750000
0.250000
-1.292893
-0.250000
-1.146447
-0.250000
-1.792893
-0.750000
-0.542893
-1.292893
-0.250000
-0.250000
-1.439340
-1.000000
-0.250000
-0.792893
-0.542893
-1.085786
-0.896447
-1.792893
-0.250000
-0.250000
-0.500000
-1.542893
-0.250000
-0.250000
-0.250000
-0.542893
-0.689340
-0.250000
-0.250000
-0.878680
-1.292893
-0.396447
-0.250000
-0.250000
-0.250000
0.353553
-1.042893
-0.250000
-1.335786
-0.250000
-1.646447
-0.250000
-0.646447
-0.250000
-2.189340
-1.042893
-0.750000
-0.250000
-1.689340
-1.250000
-0.646447
-0.250000
-0.250000
-0.500000
-0.396447
-2.232233
-0.250000
-1.189340
-0.500000
-0.250000
-1.000000
0.353553
-1.585786
-1.042893
-0.250000
-0.250000
-1.189340
-0.750000
-0.396447
-0.792893
-0.396447
-2.189340
-0.250000
-0.250000
-0.250000
-0.792893
-0.250000
-0.896447
-1.732233
-1.146447
-0.250000
-0.542893
-1.232233
-0.396447
-0.250000
-0.250000
-0.250000
-0.250000
-0.250000
-0.500000
-0.396447
-0.500000
0.414214
-0.646447
-0.250000
-0.896447
-0.250000
-0.250000
-1.292893
-0.250000
-0.250000
-0.250000
-0.750000
-0.250000
-0.250000
-0.250000
-0.250000
-1.042893
-1.292893
-0.500000
-1.042893
-2.128680
-0.250000
-0.250000
-0.750000
-0.250000
-1.792893
-0.396447
-1.042893
-0.250000
-0.896447
-1.146447
-1.500000
-1.042893
-1.982233
-0.646447
-0.500000
-0.896447
-0.250000
-0.250000
-1.500000
-0.542893
-0.646447
-0.939340
-0.250000
-0.939340
-0.646447
-1.189340
-0.250000
-0.250000
0.457107
-0.250000
-0.250000
-0.250000
-0.396447
-0.250000
-1.189340
-1.439340
-0.542893
-0.646447
-0.250000
-0.646447
0.457107
-0.835786
-1.042893
-1.292893
-0.250000
-0.250000
-0.250000
-0.085786
-1.335786
-0.250000
-0.646447
-1.335786
-1.439340
-0.542893
-1.585786
-0.646447
-0.792893
-0.792893
-0.396447
-0.250000
-1.146447
-0.689340
-0.250000
-1.982233
-1.232233
-0.250000
-0.646447
-0.482233
-0.250000
0.207107
-1.189340
-0.250000
-0.585786
-0.250000
-0.250000
-0.250000
0.560660
-0.646447
-1.585786
-0.896447
-0.250000
-0.250000
-0.750000
-0.250000
-1.439340
-0.250000
-0.128680
-0.750000
-0.792893
-0.500000
-0.250000
-0.896447
-0.250000
-0.542893
-0.250000
-0.250000
-0.500000
-0.646447
-1.396447
-0.646447
-0.250000
-0.250000
-0.250000
-0.250000
-0.500000
-0.500000
-0.250000
-0.042893
-0.646447
-0.250000
-0.250000
-0.250000
-1.482233
-0.542893
-0.396447
-0.646447
-0.792893
-0.250000
-0.396447
-1.482233
-0.250000
-0.250000
-0.250000
-0.896447
-0.250000
-0.250000
-0.250000
-0.396447
-1.232233
-1.439340
0.457107
-0.689340
-0.189340
-0.250000
-0.750000
-0.396447
-0.250000
-1.146447
-0.835786
-1.275126
-0.396447
-1.085786
-0.250000
-0.896447
-2.610913
-1.732233
-0.646447
-1.439340
-1.542893
-0.750000
-0.500000
0.500000
-0.939340
-1.232233
-0.646447
-0.250000
-0.500000
-0.250000
-0.250000
-0.396447
-1.292893
-0.646447
0.560660
-0.646447
-0.250000
-0.250000
-0.250000
-0.500000
-0.396447
-0.250000
-0.250000
-1.439340
-0.542893
-0.250000
-1.250000
0.457107
-1.378680
-0.396447
-0.500000
-0.250000
-0.500000
-0.396447
-1.085786
-0.250000
-0.396447
-0.250000
-0.250000
-0.542893
-0.250000
-0.250000
-0.250000
-0.792893
0.560660
-0.896447
-0.250000
-1.000000
-0.250000
-0.250000
-0.250000
0.353553
-0.792893
-0.396447
-0.250000
-0.250000
-0.982233
-0.646447
-0.250000
-0.250000
-0.646447
-0.396447
-1.982233
-0.646447
-0.689340
-0.896447
-0.500000
-1.750000
-0.250000
-1.396447
-0.646447
-0.939340
-2.525126
-0.500000
-0.646447
-0.250000
0.310660
-0.250000
-0.646447
-0.250000
-0.542893
-0.792893
-0.250000
-1.732233
-0.646447
-0.750000
-0.085786
-0.250000
-0.250000
-1.000000
-1.042893
-0.250000
-0.646447
-1.000000
-0.396447
-1.292893
-0.500000
-0.396447
-0.396447
-0.482233
-1.439340
-0.896447
-0.396447
-0.396447
-0.396447
-1.396447
-0.396447
-0.250000
-0.396447
-1.439340
0.853553
-0.792893
-0.250000
-0.482233
-1.921573
0.164214
-1.232233
-0.689340
-0.792893
-0.396447
-0.250000
-0.939340
-0.335786
-0.250000
-0.396447
-0.646447
-0.396447
-1.396447
-0.896447
-0.250000
-1.232233
-0.792893
-0.646447
-1.500000
-0.250000
-0.646447
-0.250000
-0.250000
-0.939340
-1.189340
-0.250000
-0.250000
-1.042893
-0.250000
-0.939340
-1.646447
-1.042893
-1.189340
-0.250000
-0.250000
-0.646447
-0.646447
-1.000000
-0.250000
-1.128680
-0.896447
-0.250000
-0.250000
-0.396447
-1.292893
-1.750000
-0.396447
-0.250000
-0.250000
-0.396447
-0.500000
-3.068019
-0.792893
-0.750000
-0.250000
-0.792893
0.560660
-0.250000
0.560660
-0.792893
-0.250000
-0.250000
-1.439340
-0.542893
-0.250000
-0.750000
-0.250000
0.207107
-1.042893
-3.818019
-1.146447
-0.250000
-0.250000
-2.085786
-0.500000
-0.750000
-0.250000
-0.939340
-0.250000
-0.689340
-1.439340
-1.396447
-0.396447
0.603553
-1.292893
-0.939340
-0.396447
-0.792893
-1.628680
-0.542893
-0.646447
-1.542893
-0.250000
-0.500000
-0.896447
-1.628680
-0.250000
-1.542893
-1.000000
-1.146447
-0.250000
-0.896447
-1.396447
-0.542893
-0.835786
-1.128680
-1.335786
-0.896447
-1.335786
-0.792893
-1.292893
-0.646447
-1.042893
0.603553
-1.646447
-0.939340
-0.396447
-1.646447
0.603553
-0.396447
-2.568019
-0.250000
0.060660
-0.189340
-0.250000
-0.542893
-0.689340
0.707107
-0.250000
-0.250000
-0.396447
-0.500000
-2.525126
-0.396447
-0.250000
-1.421573
-0.396447
-0.646447
-0.396447
-0.396447
-0.646447
-0.396447
-0.646447
-1.500000
-0.250000
-0.250000
-2.360913
0.164214
-1.335786
-0.542893
-0.250000
0.267767
-1.292893
-1.042893
-0.250000
-1.085786
-0.646447
-1.878680
-0.896447
-0.835786
-0.250000
-1.542893
-0.250000
-0.396447
