0.916922
-0.728210
-0.542279
-0.747167
-0.721494
-0.500000
-0.632891
-0.706786
-0.500000
-1.006514
-0.500000
-0.708893
-0.620323
-0.500000
-0.500000
-0.500000
-0.500000
-0.564914
-0.500000
-0.584922
-0.500000
-0.500000
-0.500000
-0.595438
-0.764102
-0.652000
-0.563687
-0.568288
-0.500000
-0.601808
-0.500000
-0.500000
-0.550000
-0.852130
-0.530483
-0.675513
-0.562633
-0.500000
-0.500000
-0.500000
-0.500000
-0.605345
-0.857087
-0.514630
-0.616884
-0.500000
-0.616808
-0.500000
-0.637484
-0.500000
-0.551703
-0.500000
-0.535982
-0.500000
-0.630021
-0.521450
-0.664191
-0.569377
-0.613868
-0.528242
-0.733446
-0.505778
-1.010057
-0.678554
0.858603
-0.500000
-0.623475
-0.715638
-0.599980
-0.500000
-0.661073
-0.642985
-0.673294
-0.500000
-0.500000
-0.609424
-0.500000
-0.656098
-0.500000
-0.594951
-0.500000
-0.818315
-0.500000
-0.500000
-0.662971
-0.848810
0.968793
-0.657326
-0.500000
-0.652580
-0.604049
-0.554642
-0.663470
-0.721863
-0.734424
-0.721087
-0.500000
-0.650183
-0.500000
-0.598937
-0.500000
-0.519137
-0.500000
-0.500000
-0.561400
-0.610473
-0.500000
-0.733614
-0.500000
-0.544881
-0.500000
-0.544793
-0.524042
-0.655017
-0.671337
-0.834435
-0.624393
-0.500000
-0.820470
-0.500000
-0.619176
-0.500000
-0.620931
-0.934968
-0.500000
-0.616309
-0.500000
-0.500000
-0.868349
-0.632891
-0.500000
-0.561474
-0.603095
-0.500000
-0.739985
-0.524656
-0.512183
-0.618836
-0.500000
-0.500000
-0.500000
-0.609780
-0.567992
-0.500000
-0.677407
-0.500000
-0.500000
-0.569357
-0.670499
-0.575339
-0.500000
-0.500000
-0.500000
-0.500000
-0.500000
-0.937327
-0.500000
-0.500000
-0.500000
-0.673539
-0.552603
-0.630714
-0.500000
-0.676349
-0.500000
-0.855861
-0.599695
-0.500000
-0.500000
-0.516583
-0.500000
-0.666287
-0.564055
-0.696865
-0.500000
-0.562402
-0.698341
-0.500000
-0.834735
-0.731343
-0.733983
-0.725621
-0.749893
-0.500000
-0.533274
-0.500000
-0.505000
-0.728387
-0.587743
-0.599475
-0.500000
-0.510731
-0.500000
-0.500000
-0.655658
-0.500000
-0.521331
-0.500000
-0.500000
-0.500000
