-0.550000
-0.849289
-0.759289
-0.530000
-0.868579
-0.768579
0.540711
-0.590000
-0.837868
-0.550000
-0.570000
-0.520000
-0.610000
-0.740000
-0.620000
-0.550000
-0.620000
-0.530000
-0.550000
-0.650000
-0.580000
-0.570000
-0.530000
-0.759289
-0.610000
-0.807868
-0.570000
-0.600000
-0.709289
-0.660000
-0.620000
0.780711
0.680711
-0.779289
-0.550000
-0.570000
-0.570000
-0.927868
-0.610000
-0.600000
-0.520000
0.562132
-0.580000
-0.550000
-0.600000
-0.789289
-1.070000
-0.620000
-0.610000
-0.520000
-0.859289
-0.550000
-0.580000
-0.590000
-0.570000
-0.720000
-0.847868
-0.530000
-0.530000
-0.530000
-0.700000
-0.570000
-0.680000
-0.630000
-0.620000
-0.640000
-0.630000
-0.868579
-0.540000
-0.730000
-0.640000
-0.660000
-1.076447
-0.760000
-0.689289
-0.809289
-0.728579
-0.570000
-0.630000
-0.530000
-0.610000
-0.530000
-0.610000
0.642132
-0.790000
-0.650000
-0.730000
0.731421
0.482843
-0.630000
-0.620000
0.750711
-0.680000
-0.620000
-0.699289
-0.808579
-0.960000
-0.729289
-0.710000
0.670711
-0.590000
-0.540000
-0.540000
-0.700000
-1.196447
-0.810000
-0.660000
-0.590000
-1.227157
-0.888579
-0.909289
0.512843
-0.710000
-0.540000
-0.630000
-0.818579
-0.610000
-0.590000
-0.600000
-0.540000
-0.530000
0.491421
-1.008579
-0.600000
-0.640000
-0.659289
-0.620000
-0.760000
-0.600000
-1.039289
0.641421
-0.530000
-0.580000
-0.770000
-0.660000
-0.700000
-0.580000
-0.750000
-0.680000
-0.550000
0.682132
0.600711
-0.610000
-0.889289
-0.649289
-0.610000
-0.540000
-0.847868
-0.530000
-0.760000
-1.107157
-0.918579
-0.580000
-0.560000
0.740711
-0.619289
-0.670000
-0.580000
-0.540000
-0.560000
-0.560000
-0.550000
-0.769289
-0.710000
-0.729289
-0.650000
-0.749289
0.491421
-1.017157
-0.869289
-0.809289
-0.540000
-0.540000
-0.570000
-0.560000
-0.580000
-0.620000
-0.630000
-0.630000
-0.550000
-0.560000
-0.909289
-0.879289
-0.560000
-0.728579
-0.530000
-0.600000
-0.760000
-0.540000
-0.600000
-0.877868
-0.710000
-0.540000
-0.580000
-0.690000
-0.680000
-0.620000
-0.570000
-0.540000
-0.610000
-0.829289
-0.610000
-0.580000
-1.066447
-0.750000
-0.729289
-0.988579
-0.770000
-0.890000
-1.037868
-0.729289
-0.779289
-0.710000
-0.719289
-0.590000
-0.610000
-0.720000
-0.640000
-0.560000
-0.687868
-0.720000
-0.858579
-0.928579
-0.580000
0.711421
0.552843
-0.748579
-0.810000
-0.770000
0.472132
-0.550000
-0.699289
-0.770000
-0.739289
-0.680000
-0.600000
-0.630000
-0.829289
-0.610000
-0.799289
-0.560000
-0.540000
-0.560000
-0.809289
-0.540000
-0.560000
-0.620000
-0.600000
0.511421
-0.998579
-0.650000
-0.868579
0.324264
-0.819289
-0.738579
-0.570000
-0.590000
-0.590000
-0.680000
-0.829289
-0.907868
-0.730000
-0.827868
-0.830000
-0.790000
-0.620000
0.760711
-0.730000
-0.620000
-0.630000
-0.540000
-0.907868
0.472132
-0.570000
-0.947868
-0.590000
-0.739289
-0.630000
-0.680000
-0.809289
-0.739289
-1.197868
-0.600000
-0.640000
-0.540000
-0.530000
-0.670000
0.350000
-0.550000
-0.837868
-1.077868
-0.739289
-0.560000
0.630000
-0.640000
-0.600000
0.620711
-0.670000
-1.315025
-0.748579
-0.739289
-0.847157
-0.650000
-0.670000
0.740000
-0.610000
-0.620000
-0.718579
-0.640000
-0.778579
-0.730000
0.680711
-0.768579
-0.840000
-0.550000
-0.950000
-0.710000
-0.799289
-0.680000
-0.550000
-0.710000
-0.760000
0.501421
-0.769289
-0.590000
-0.580000
-0.700000
-0.959289
-0.828579
-0.790000
-0.760000
-0.570000
-0.820000
-0.620000
-0.828579
-0.818579
-0.580000
0.710711
-1.040000
-0.630000
-0.778579
0.800000
-0.799289
-0.570000
-0.610000
-0.540000
-0.790000
-0.759289
-0.630000
-0.740000
-0.550000
-0.699289
-0.777868
-0.680000
-0.530000
-0.670000
-0.629289
-0.570000
-0.600000
-0.869289
-0.750000
-1.066447
-0.659289
-0.590000
-0.908579
-0.779289
-0.849289
-0.540000
-0.630000
-0.570000
-0.580000
-0.760000
-0.520000
-0.997868
-0.530000
-0.970000
-0.750000
-0.620000
-0.660000
-0.730000
-0.550000
-0.679289
-0.729289
-0.700000
-0.660000
-0.580000
-0.899289
-0.688579
0.691421
-0.940000
-0.720000
-0.719289
-0.580000
-0.590000
-0.650000
-0.970000
-0.640000
-0.967868
0.242843
-0.659289
0.730711
0.640711
-0.699289
-0.639289
-0.610000
-0.740000
-0.660000
-0.700000
-0.988579
-0.790000
-0.957157
-1.037868
-0.630000
0.751421
-0.620000
-0.750000
0.512132
-0.779289
-0.690000
-0.809289
0.470711
-1.027868
-0.540000
-0.730000
0.720000
-0.849289
0.690711
-0.620000
-0.670000
-0.928579
-0.778579
-0.520000
-0.540000
-0.710000
-0.640000
-0.860000
-0.838579
-0.680000
-0.610000
-0.918579
-0.580000
-0.530000
-0.590000
-0.759289
0.652132
-0.800000
-0.680000
-1.199289
-0.710000
-0.649289
-0.650000
0.721421
-0.780000
-0.849289
-0.540000
0.580711
-0.978579
-0.520000
0.550711
-0.770000
-0.849289
-0.750000
-0.679289
-0.917868
-0.570000
-0.959289
-0.540000
-0.858579
-0.938579
-0.670000
-0.820000
-0.740000
0.600000
-0.670000
-0.790000
-0.630000
-0.580000
-0.929289
-0.758579
-0.780000
-0.810000
0.780711
-0.670000
-0.560000
-0.530000
-0.857868
0.431421
-0.640000
-0.879289
-0.799289
-0.800000
-0.729289
-1.027868
0.550711
-0.680000
-0.570000
-0.660000
-0.829289
-0.929289
-0.809289
-0.800000
-0.570000
-0.819289
0.720000
-0.580000
-0.909289
-0.789289
-0.590000
-0.640000
-0.530000
-0.640000
0.282132
-0.959289
-0.948579
-0.590000
-0.710000
-0.560000
-0.640000
0.720000
-0.639289
0.640000
-0.590000
-0.898579
-0.839289
0.204264
-0.760000
-0.928579
0.182132
0.640000
-0.580000
-0.839289
-0.640000
-0.869289
-0.540000
-0.719289
-0.810000
-0.868579
0.591421
0.790711
-0.977868
-1.100000
0.741421
-0.590000
-0.939289
-1.167868
-0.699289
-0.739289
-0.630000
-0.670000
-0.969289
-0.789289
0.740000
-0.720000
-0.790000
0.590711
-0.640000
-0.780000
-1.068579
-0.570000
-0.740000
-0.529289
-0.699289
-0.660000
-0.908579
-0.540000
-0.680000
-0.630000
-0.820000
-0.630000
-1.018579
-0.630000
-0.878579
-0.910000
-0.769289
-0.780000
-0.976447
-0.789289
-0.700000
0.680711
0.650711
-0.757868
-0.829289
-0.859289
0.530000
-0.790000
-1.019289
-0.799289
-1.057868
-0.848579
-0.630000
-0.700000
-0.750000
-0.858579
-0.739289
0.582843
-0.770000
-0.759289
-0.849289
-0.799289
-0.820000
0.601421
-0.649289
-0.979289
-0.660000
-0.867868
-0.580000
-1.007157
-0.540000
-0.868579
-0.949289
-1.119289
-0.590000
-0.700000
-0.640000
-1.059289
-0.750000
-0.888579
-0.909289
-0.967157
-0.590000
0.442132
-0.869289
-0.699289
0.600711
-0.920000
-0.630000
-0.800000
-0.790000
0.631421
-0.838579
-0.759289
-0.989289
-0.888579
-0.998579
-0.600000
-0.730000
-0.867868
-0.810000
-0.749289
-0.529289
0.701421
0.720711
-1.028579
-0.820000
-0.809289
-0.620000
-0.689289
-0.520000
-0.789289
-0.669289
-0.570000
-1.155025
0.761421
-0.929289
-0.720000
-0.580000
-1.019289
-0.887868
-0.798579
0.432132
-0.689289
-0.659289
-0.580000
-0.540000
-0.819289
-0.659289
0.620000
-0.790000
-0.770000
-0.808579
-0.570000
0.740000
-0.620000
0.550711
-0.830000
-0.600000
-0.799289
-0.967868
0.810000
0.510711
-0.987157
-0.530000
-0.540000
-0.799289
-0.610000
-0.680000
-0.880000
-0.897868
-0.809289
-0.810000
-0.750000
-0.620000
0.511421
0.252843
-0.888579
-0.670000
-0.560000
-0.658579
-0.540000
-0.710000
-0.889289
-0.790000
-0.758579
-0.760000
-0.670000
0.781421
-0.640000
0.730000
-0.898579
-0.810000
-0.529289
-0.689289
-0.800000
-0.827868
-0.740000
-0.768579
0.531421
-0.670000
-0.960000
-0.570000
-0.878579
-0.530000
-0.640000
0.640000
-0.730000
-0.750000
-0.770000
0.721421
-0.669289
-0.630000
-0.789289
-0.798579
-0.729289
-0.720000
-0.600000
-0.817157
0.650711
0.690711
-0.878579
0.550711
-0.570000
-0.890000
-0.799289
-0.808579
0.651421
-0.630000
-0.699289
-0.679289
0.720000
-0.710000
-0.600000
-0.996447
-0.670000
-0.650000
-0.960000
0.691421
0.770000
-0.779289
-1.048579
0.580711
0.471421
-0.770000
-0.610000
-1.107868
-0.800000
-0.550000
-0.800000
-0.840000
-0.689289
-1.120000
-0.728579
-0.590000
-0.580000
-0.550000
0.650000
0.780000
-0.957868
-0.680000
-0.850000
-0.849289
-0.838579
-0.860000
-0.898579
-0.780000
0.660000
-0.758579
0.710711
-0.610000
-0.800000
-0.899289
-0.770000
-0.908579
-0.850000
-0.960000
-0.898579
-0.719289
-0.630000
-0.808579
-0.969289
-0.900000
-0.690000
-1.007157
-0.770000
0.740000
-0.520000
-0.879289
-0.759289
-0.610000
-0.780000
-0.749289
-1.118579
-0.790000
-0.798579
-0.869289
-0.640000
0.770000
-0.748579
-0.858579
-0.730000
-0.789289
-0.869289
-0.750000
-0.520000
-0.600000
-0.679289
-0.740000
-0.978579
0.334264
-0.867868
-0.859289
-0.979289
-0.760000
0.740000
-0.580000
-0.849289
0.480000
-0.747868
0.750711
-0.917868
0.610711
-1.217157
-0.800000
0.431421
-0.897157
-1.107868
-0.860000
-0.750000
0.591421
-0.659289
0.510711
-0.909289
-0.779289
-0.928579
-0.759289
-0.580000
-0.620000
-0.690000
-0.590000
-0.709289
0.492132
-0.709289
0.530711
0.441421
-0.670000
-0.719289
-0.690000
0.860000
-0.870000
0.690000
-0.749289
-0.740000
0.510711
-0.719289
-0.799289
0.630711
-0.750000
-0.997868
-0.819289
-0.949289
-0.530000
-0.789289
-0.837868
-0.790000
-0.750000
-0.530000
-0.927868
0.491421
-0.670000
-0.769289
0.622132
-0.810000
0.760000
-0.959289
0.641421
0.621421
-0.590000
-0.580000
0.372132
-0.858579
-0.630000
0.700711
-0.770000
-0.810000
0.551421
0.770711
-0.720000
-0.620000
-0.899289
-0.719289
-0.700000
-0.600000
-0.739289
0.870000
-0.690000
-0.817868
-0.907868
0.452132
0.780711
-0.570000
-0.810000
-0.800000
-0.640000
0.680000
-0.849289
-0.640000
-0.939289
-0.710000
-0.640000
0.620000
-0.928579
-0.828579
-0.646447
-0.699289
-0.949289
-0.650000
0.890000
0.870000
0.472843
-0.620000
0.572132
-0.947157
-1.137868
-0.880000
-0.930000
0.840000
-0.810000
-0.550000
-0.959289
-0.710000
-0.680000
-0.900000
-1.078579
-0.660000
-0.799289
-0.850000
0.650000
-0.819289
-0.740000
-0.819289
-0.850000
-0.889289
-0.670000
-0.830000
0.642132
-0.650000
-0.749289
0.631421
0.750000
0.660000
-0.698579
-0.590000
-0.879289
-0.859289
-0.989289
-0.640000
-0.760000
0.581421
-0.570000
-1.029289
-1.037868
0.721421
-0.828579
-1.080000
-0.938579
0.710000
-0.558579
0.590711
-0.560000
-0.840000
0.750000
0.560711
-0.650000
-0.940000
0.670000
-1.098579
-0.799289
-0.920000
0.690000
-1.058579
-0.660000
-0.669289
-0.530000
0.573553
-0.810000
-0.600000
-1.137868
0.380711
-0.778579
0.690711
-0.939289
0.610000
-0.759289
-0.710000
0.512132
-0.500000
-0.660000
-0.850000
-0.819289
-0.728579
-0.860000
-0.900000
-0.940000
-0.740000
0.530711
0.840711
0.780000
0.450000
-0.950000
-0.837868
-0.800000
-0.968579
-1.097157
-0.947868
-0.620000
0.253553
-0.908579
0.640711
-0.879289
-0.920000
0.730000
-0.679289
-0.560000
-0.790000
-0.967868
0.780000
0.730000
0.720711
0.710000
0.810000
0.394975
-0.830000
0.760711
-0.590000
-0.860000
-0.820000
0.620000
-0.620000
0.870000
-0.580000
-0.988579
-0.889289
0.671421
-0.799289
-0.550000
0.700000
0.660711
-0.839289
-0.790000
-0.880000
-0.650000
0.620000
0.771421
-0.799289
0.750000
-0.660000
-0.798579
-0.828579
-0.720000
0.770000
-0.889289
0.680711
0.790000
-0.700000
-1.067868
-0.529289
-0.859289
-0.788579
-0.720000
0.481421
0.492132
-0.740000
-0.938579
0.672132
0.580711
-0.819289
-0.629289
-0.928579
-0.560000
0.620000
-0.630000
-0.590000
0.551421
-0.960000
-0.700000
0.740000
0.522132
-0.640000
-0.710000
-0.637868
-0.690000
0.710000
0.670000
-0.869289
-0.739289
0.651421
-0.710000
-0.880000
-0.809289
-0.769289
0.760000
-0.710000
-1.009289
-0.670000
0.700000
0.780711
-0.650000
-0.986447
-0.690000
-0.560000
0.620711
0.780711
0.600711
-0.919289
0.580000
-0.530000
0.522843
0.650000
-0.880000
0.650711
0.810000
0.770711
0.650000
-0.600000
-0.710000
-0.740000
0.741421
-0.710000
0.640711
0.730711
-0.679289
-0.889289
-0.650000
-0.640000
-0.730000
-0.610000
-0.710000
0.710711
-0.740000
-0.580000
0.790711
0.700711
0.680711
-0.860000
0.700000
-0.540000
0.690000
0.800000
-0.969289
0.440000
0.700000
-0.558579
0.820711
0.830000
0.580000
0.780000
0.620711
0.690000
0.641421
0.460000
-0.988579
0.740000
0.640711
0.780711
-0.770000
0.411421
-0.779289
-0.960000
0.700711
0.321421
-0.790000
-0.719289
0.480711
0.760711
0.720000
0.660000
-0.570000
0.780000
-0.699289
-0.660000
-0.680000
0.840711
0.571421
-0.600000
0.780711
-0.859289
0.650000
-1.039289
0.750000
-0.740000
0.690000
0.690711
0.770000
-0.669289
0.700000
0.550000
-0.590000
0.432132
-0.750000
0.440711
0.760711
-0.810000
0.660711
-0.890000
-0.960000
-0.580000
-0.780000
-0.710000
-0.720000
-1.008579
-0.639289
0.840000
0.790000
0.790000
-0.750000
-0.637868
0.650000
0.720000
-0.560000
-1.107868
0.491421
0.402132
-0.730000
0.680000
0.550711
-0.710000
0.560711
-0.820000
0.423553
0.780711
0.770711
0.890000
-0.558579
-0.630000
-0.787868
-0.699289
0.740000
0.770711
0.690000
0.780000
0.610711
-0.730000
-0.730000
-0.809289
0.590711
-0.897868
-0.768579
0.740000
-0.739289
-0.868579
-0.700000
-0.859289
-0.998579
-0.690000
-0.660000
0.680000
0.650000
0.680000
0.521421
0.452843
0.630711
0.520711
-0.720000
0.750711
-0.829289
0.800000
0.820000
-0.580000
0.561421
0.602132
0.660000
-0.830000
-0.969289
-0.959289
0.630000
0.880000
0.620711
-0.780000
-0.570000
-0.770000
-0.718579
-1.007157
0.630711
0.521421
-0.700000
0.590000
-0.590000
0.670711
0.810000
-0.579289
0.830711
0.610000
0.720711
0.840000
0.600711
-0.830000
0.532843
0.770000
0.680000
0.840000
0.560000
-0.770000
0.810000
0.690711
-0.969289
0.631421
-0.550000
0.501421
0.610711
0.680000
-0.819289
0.740000
0.780711
0.810000
-0.909289
0.640000
-0.699289
0.362132
-0.780000
-0.590000
0.560000
-0.990000
-0.939289
-0.868579
0.710000
0.530711
0.790711
0.690711
0.790000
-0.540000
0.790000
0.670711
0.600711
0.770000
-0.700000
0.610711
0.550000
0.760711
0.790000
-0.759289
-0.819289
0.532132
0.660711
0.590000
0.641421
0.511421
0.740711
0.400711
0.700000
-0.917157
0.800000
-0.500000
0.770711
-1.040000
0.640711
0.433553
-0.800000
0.780000
0.731421
0.770000
0.810000
-0.530000
0.661421
0.660000
0.760000
0.850000
0.740000
-0.800000
0.392132
0.730711
0.680711
0.690000
0.372132
0.730000
0.780000
0.670711
0.610000
0.700711
-0.760000
0.700711
0.670000
0.800000
-0.819289
0.750000
0.540711
-0.650000
0.870000
-0.850000
-0.839289
0.680000
0.591421
0.701421
-0.810000
-0.719289
-0.720000
-0.859289
0.681421
0.741421
0.780000
-0.780000
0.860000
-0.540000
0.621421
-0.709289
-0.520000
-0.560000
0.840000
-0.730000
0.580711
-0.760000
0.690000
-0.928579
0.760711
0.740000
0.780000
0.750711
0.700000
0.800000
0.560000
0.671421
0.870000
0.810000
0.740000
-0.540000
0.750000
0.670000
0.540000
0.850000
0.790711
-0.810000
0.860000
0.610711
0.620711
0.790711
-0.640000
-0.750000
0.780711
0.670711
-0.838579
0.760000
0.840000
0.720000
0.610711
0.790000
0.800000
0.740000
-0.900000
0.610000
-0.879289
0.720000
-0.540000
0.770000
-0.749289
-0.860000
-0.828579
0.720000
0.840000
0.760711
0.810711
0.830000
-0.780000
0.560000
0.780711
0.740000
0.730000
0.700711
0.561421
0.720000
0.810000
0.680000
0.482132
-0.560000
-0.950000
0.800000
0.720000
0.830000
0.820000
0.541421
0.660000
0.840711
-0.750000
0.870000
0.430711
0.590000
0.730000
0.750000
0.870000
0.652843
0.750711
0.840000
0.790711
-0.829289
0.760000
0.670000
-0.739289
0.860000
-0.580000
0.730000
0.840000
0.710000
0.770711
0.590000
-0.989289
0.830000
0.620711
-0.719289
0.760000
0.740000
0.830000
-0.720000
0.840000
0.880000
0.540711
0.770000
0.840000
-0.760000
0.800711
0.661421
0.760711
0.750000
0.840000
0.721421
-0.730000
0.710000
0.700711
0.642132
0.760000
0.760000
-0.750000
0.810000
0.711421
-0.999289
0.770711
-0.720000
0.700711
0.850000
0.770000
0.750711
-0.670000
0.790000
-0.760000
-0.760000
0.790000
-0.949289
0.650711
-0.730000
0.850000
0.750000
-0.689289
0.821421
0.820000
0.490711
0.552132
0.820711
0.900000
-0.729289
0.850000
0.780711
-0.650000
0.750000
0.620711
0.830000
-0.659289
0.660000
0.631421
-0.889289
0.690000
0.750000
0.640000
0.601421
0.800000
0.670711
-0.770000
0.800711
0.800711
0.720711
-0.500000
-0.620000
-0.700000
0.820000
0.770000
0.820000
0.531777
0.820000
0.610000
-0.650000
0.430000
-1.013223
0.645000
-0.803223
0.800000
0.706777
0.766777
-0.723223
0.870000
0.810000
0.305330
0.830000
0.408553
-0.939670
0.583553
-0.680000
0.765000
0.686777
0.810000
0.830000
-0.550000
0.800000
0.790000
0.750000
0.860000
0.626777
0.685000
0.258553
0.830000
0.810000
0.458553
0.665000
0.840000
0.796777
0.830000
0.830000
0.860000
-0.560000
0.870000
0.830000
0.643553
0.740000
0.780000
0.680000
0.581777
0.820000
-0.790000
-0.845000
0.716777
0.360330
0.800000
0.780000
-0.590000
0.480000
-0.640000
0.370000
0.850000
0.760000
-0.610000
0.680000
0.655000
0.720000
0.810000
0.840000
0.746777
-0.530000
-1.043223
0.666777
0.710000
-0.833223
0.850000
-0.660000
-0.650000
-0.720000
0.510000
0.860000
-0.550000
0.498553
0.700000
0.840000
-0.620000
0.715000
-0.580000
0.730000
-0.770000
0.770000
0.826777
-0.530000
-0.865000
0.531777
-0.880000
0.690000
0.720000
0.790000
-1.011447
0.790000
0.725000
0.800000
0.730000
0.800000
0.550000
0.860000
0.700000
0.800000
0.820000
0.656777
0.780000
-1.085000
-1.038223
0.780000
0.645000
-0.720000
0.666777
0.375330
0.616777
0.740000
0.425330
0.736777
0.850000
0.690000
0.870000
0.700000
0.533553
0.458553
-0.570000
0.438553
0.287107
0.756777
0.820000
0.760000
0.830000
-1.145000
0.790000
0.850000
0.820000
0.720000
0.646777
0.726777
0.570330
-0.690000
-0.720000
-0.933223
0.616777
0.563553
0.715000
0.715000
0.870000
0.720000
0.850000
0.716777
0.755000
0.675000
0.770000
-0.853223
0.790000
0.770000
0.740000
0.850000
0.736777
-0.855000
0.840000
0.780000
-0.771447
-0.743223
0.770000
0.810000
-0.870000
0.880000
0.736777
0.716777
-0.560000
0.653553
-0.860000
0.766777
0.830000
0.880000
-0.796447
0.820000
0.810000
0.770000
0.770000
-0.753223
0.646777
0.810000
0.810000
0.716777
0.780000
0.780000
0.860000
-1.213223
0.840000
0.680000
0.716777
0.740000
0.770000
0.680000
0.850000
0.760000
0.456777
-0.700000
0.643553
0.746777
0.403553
-0.890000
0.626777
0.760000
-0.620000
0.736777
0.750000
-0.790000
-0.690000
0.880000
0.706777
-1.182893
0.806777
-0.630000
0.726777
-0.740000
0.740000
0.850000
-0.610000
0.830000
0.870000
0.816777
0.786777
0.870000
0.890000
0.770000
0.685000
-0.750000
-0.700000
-0.720000
0.720000
0.810000
0.800000
0.826777
0.755000
0.816777
0.755000
0.706777
0.750000
0.760000
-0.710000
0.796777
-0.700000
0.323883
0.910000
0.715000
0.488553
0.850000
0.820000
0.745000
0.900000
0.830000
0.900000
0.860000
0.745000
0.736777
0.810000
0.695000
0.800000
0.870000
0.816777
0.706777
0.880000
0.840000
0.880000
0.816777
0.900000
0.800000
0.755000
0.725000
0.685000
0.770000
0.716777
0.816777
-0.720000
0.890000
0.800000
0.890000
0.830000
0.725000
0.780000
0.806777
0.870000
0.850000
0.826777
0.870000
0.796777
0.870000
0.890000
0.726777
0.850000
0.826777
-0.710000
0.740000
0.826777
0.786777
0.755000
0.890000
0.870000
0.820000
0.850000
0.830000
0.800000
0.910000
-0.590000
0.806777
0.713553
-0.803223
-0.650000
-0.715000
0.830000
0.736777
0.796777
0.870000
-0.630000
0.880000
-0.650000
0.760000
0.408553
0.880000
0.860000
0.826777
0.840000
-0.683223
0.790000
0.826777
0.870000
-0.938223
0.870000
0.696777
0.826777
-0.660000
0.840000
-0.683223
0.870000
0.726777
0.870000
0.880000
0.745000
0.600000
0.816777
0.745000
0.613553
0.850000
0.890000
0.890000
0.810000
0.820000
0.880000
0.786777
0.860000
0.830000
0.870000
0.836777
0.880000
-0.963223
0.830000
0.816777
0.880000
0.816777
0.880000
0.900000
0.890000
0.910000
-0.690000
0.860000
0.826777
0.890000
0.806777
0.880000
0.860000
0.816777
0.890000
0.806777
0.870000
0.870000
-0.630000
0.810000
0.810000
0.816777
0.796777
0.770000
0.745000
0.776777
0.880000
0.890000
0.890000
0.890000
0.890000
0.890000
0.890000
0.880000
0.806777
0.870000
-0.713223
0.820000
-0.723223
0.900000
0.860000
-0.673223
0.870000
0.860000
0.826777
0.790000
0.790000
-0.805000
0.870000
0.650000
0.816777
0.750000
0.830000
0.836777
0.880000
0.870000
0.890000
0.696777
0.796777
0.870000
0.806777
0.713553
0.775000
0.796777
0.830000
0.880000
0.880000
-0.670000
0.713553
0.880000
0.760000
0.826777
0.870000
0.870000
0.890000
-0.680000
0.890000
0.870000
0.890000
0.890000
0.890000
0.890000
0.880000
0.890000
0.890000
0.890000
0.890000
0.890000
0.880000
0.890000
0.890000
0.890000
0.880000
0.816777
0.890000
0.806777
0.890000
0.890000
0.840000
0.880000
0.860000
0.745000
0.826777
0.870000
0.880000
0.703553
-0.590000
0.683553
0.880000
0.890000
0.890000
0.890000
0.890000
0.890000
0.880000
0.890000
0.890000
0.870000
0.900000
0.890000
0.840000
-0.855000
0.890000
0.850000
0.860000
0.806777
0.860000
0.890000
0.796777
0.890000
0.560000
0.830000
0.900000
0.890000
0.816777
0.870000
