-0.560000
0.710711
-0.660000
-0.570000
-0.520000
-0.550000
-0.540000
-0.670000
-0.530000
-0.878579
-0.560000
-0.878579
-0.570000
-0.530000
-0.540000
-0.730000
-0.590000
-0.838579
-0.660000
-0.560000
-1.009289
-1.029289
-0.550000
-0.967157
0.590711
-0.570000
-0.560000
0.660711
-0.570000
-0.610000
-0.550000
-0.859289
-0.640000
-1.246447
-0.530000
-0.620000
-0.809289
-0.570000
-0.580000
-0.680000
-0.570000
-0.988579
-0.780000
-0.757868
-0.670000
0.690000
-0.629289
-0.729289
-0.590000
-0.530000
-1.017157
-0.670000
0.393553
-0.610000
-0.550000
-0.968579
-0.620000
-0.610000
-0.580000
-0.600000
-0.580000
-0.550000
-0.560000
-1.000000
-0.679289
-0.580000
-0.560000
-0.820000
-0.620000
-0.530000
0.620711
-0.690000
-0.540000
-0.957157
-1.100000
-0.540000
-0.610000
-0.938579
-0.540000
-0.580000
-0.907868
-0.669289
-0.780000
-0.530000
-0.550000
-0.720000
0.550000
-0.799289
-0.670000
-0.629289
-0.749289
-0.729289
-0.610000
-0.580000
-0.530000
-0.819289
-0.580000
0.800000
-0.620000
-1.038579
