-0.250000
-0.250000
-0.250000
-0.250000
-0.250000
-0.250000
-0.250000
-0.250000
-0.250000
-0.250000
-0.250000
-0.250000
-0.250000
-0.250000
-0.250000
-0.250000
-0.250000
-0.250000
-0.250000
-0.250000
-0.250000
-0.682076
-0.250000
-0.250000
-0.250000
-0.250000
-0.414261
-0.250000
-0.250000
-0.250000
-0.329289
-0.250000
-0.426393
-0.250000
-0.250000
-0.250000
-0.258579
-0.250000
-0.288197
-0.250000
-0.250000
-0.250000
-0.488197
0.861803
-0.250000
-0.250000
-0.250000
-0.250000
-0.250000
-0.250000
-0.250000
-0.250000
-0.379289
-0.250000
-0.250000
-0.250000
-0.250000
-0.367486
-0.250000
-0.426393
-0.300000
-0.514261
-0.250000
-0.250000
-0.250000
-0.250000
-0.250000
-0.250000
-0.346775
-0.250000
-0.250000
-0.329289
-0.250000
-0.250000
-0.250000
-0.250000
-0.250000
-0.250000
-0.300000
-0.250000
-0.250000
-0.250000
-0.250000
-0.250000
-0.400000
-0.250000
-0.250000
-0.250000
-0.250000
-0.250000
-0.258579
-0.250000
-0.250000
-0.250000
-0.250000
-0.593550
-0.250000
-0.250000
-0.408579
-0.250000
-0.250000
-0.250000
-0.250000
-0.417486
-0.250000
-0.288197
-0.250000
-0.250000
-0.250000
-0.300000
-0.250000
-0.250000
-0.250000
-0.296775
-0.250000
-0.250000
-0.250000
-0.250000
-0.250000
-0.250000
-0.250000
-0.250000
-0.250000
-0.400000
-0.250000
-0.250000
-0.250000
-0.250000
-0.250000
-0.250000
-0.250000
-0.250000
-0.250000
-0.250000
-0.250000
-0.250000
-0.250000
-0.250000
-0.250000
-0.250000
-0.250000
-0.250000
-0.250000
-0.250000
-0.250000
-0.250000
-0.250000
-0.250000
-0.250000
-0.250000
-0.250000
-0.250000
-0.429289
-0.250000
-0.250000
-0.250000
-0.250000
-0.408579
-0.258579
-0.250000
-0.250000
-0.250000
-0.250000
-0.364590
-0.250000
-0.250000
-0.350000
-0.250000
-0.250000
-0.250000
-0.250000
-0.250000
-0.250000
-0.250000
-0.250000
-0.250000
-0.300000
-0.250000
-0.250000
-0.250000
-0.250000
-0.250000
-0.250000
-0.250000
-0.250000
-0.250000
-0.250000
-0.250000
-0.367486
-0.538197
-0.250000
-0.250000
-0.752458
-0.250000
-0.250000
-0.250000
-0.250000
-0.250000
-0.487868
-0.250000
-0.250000
-0.400000
-0.250000
-0.250000
-0.250000
-0.250000
-0.250000
-0.250000
-0.250000
-0.326393
-0.250000
-0.250000
-0.288197
-0.250000
-0.250000
-0.250000
-0.258579
-0.250000
-0.250000
-0.258579
-0.458579
-0.250000
-0.250000
-0.250000
-0.350000
-0.250000
-0.400000
-0.250000
-0.250000
-0.250000
-0.250000
-0.250000
-0.250000
-0.250000
-0.250000
-0.250000
-0.250000
-0.250000
-0.502458
-0.250000
-0.250000
-0.250000
-0.250000
-0.250000
-0.250000
-0.250000
-0.250000
-0.250000
-0.250000
-0.250000
-0.250000
-0.250000
-0.250000
-0.250000
-0.250000
-0.250000
-0.250000
-0.250000
-0.250000
-0.250000
-0.250000
-0.250000
-0.250000
0.812132
-0.250000
-0.350000
-0.258579
-0.250000
-0.250000
-0.250000
-0.250000
-0.250000
-0.367486
-0.326393
-0.250000
-0.250000
-0.250000
-0.250000
-0.250000
-0.250000
-0.250000
-0.250000
-0.250000
-0.250000
-0.250000
-0.250000
-0.250000
-0.250000
-0.250000
-0.250000
-0.250000
-0.250000
-0.250000
-0.250000
-0.250000
-0.346775
-0.250000
-0.250000
-0.250000
-0.455683
-0.250000
-0.308579
-0.517486
-0.250000
-0.250000
-0.250000
-0.250000
-0.250000
-0.250000
-0.350000
-0.250000
-0.367486
-0.250000
-0.250000
-0.250000
-0.250000
-0.250000
-0.250000
-0.258579
-0.250000
-0.250000
-0.250000
-0.250000
-0.602458
-0.334972
-0.250000
-0.258579
-0.250000
-0.250000
-0.250000
-0.250000
-0.250000
-0.250000
-0.250000
-0.388197
-0.250000
-0.250000
-0.250000
-0.250000
-0.250000
-0.250000
-0.250000
-0.250000
-0.250000
-0.388197
-0.250000
-0.308579
-0.250000
-0.250000
-0.250000
-0.250000
-0.329289
-0.250000
-0.329289
-0.250000
-0.250000
-0.387868
-0.296775
-0.250000
-0.250000
-0.250000
-0.250000
-0.250000
-0.250000
-0.250000
-0.250000
-0.250000
-0.250000
-0.250000
-0.296775
-0.250000
-0.250000
-0.250000
-0.250000
-0.250000
-0.250000
-0.250000
-0.250000
-0.250000
-0.250000
-0.250000
-0.250000
-0.250000
-0.405683
-0.250000
-0.250000
-0.258579
-0.250000
-0.250000
-0.250000
-0.250000
-0.250000
-0.334972
-0.250000
-0.250000
-0.250000
-0.250000
-0.250000
-0.250000
-0.250000
-0.326393
-0.250000
-0.250000
-0.250000
-0.250000
-0.250000
-0.250000
-0.250000
-0.288197
-0.258579
0.961803
-0.250000
-0.250000
-0.450000
-0.250000
-0.250000
-0.250000
-0.250000
-0.250000
-0.250000
-0.250000
-0.400000
-0.250000
-0.388197
-0.329289
-0.250000
-0.250000
-0.250000
-0.250000
-0.250000
-0.250000
-0.250000
-0.338197
-0.250000
-0.250000
-0.250000
-0.250000
-0.250000
-0.250000
-0.250000
-0.250000
-0.258579
-0.250000
-0.250000
-0.250000
-0.250000
-0.250000
-0.250000
-0.250000
-0.326393
-0.250000
-0.250000
-0.452786
-0.250000
-0.250000
-0.250000
-0.367486
-0.329289
-0.338197
-0.250000
-0.250000
-0.250000
-0.296775
-0.250000
-0.250000
-0.300000
-0.250000
-0.250000
-0.250000
-0.329289
-0.250000
-0.250000
-0.250000
-0.250000
-0.258579
-0.250000
-0.250000
-0.250000
-0.250000
-0.250000
-0.250000
-0.250000
-0.250000
-0.250000
-0.250000
-0.250000
-0.250000
-0.250000
-0.250000
-0.250000
-0.250000
-0.250000
-0.250000
-0.388197
-0.250000
-0.250000
-0.250000
-0.250000
-0.250000
-0.250000
-0.250000
-0.250000
-0.250000
-0.250000
-0.250000
-0.250000
-0.546775
-0.288197
-0.250000
-0.250000
-0.250000
-0.250000
-0.250000
-0.250000
-0.250000
-0.250000
-0.250000
-0.250000
-0.250000
-0.526065
-0.250000
-0.467486
-0.250000
-0.250000
-0.250000
-0.250000
-0.250000
-0.350000
-0.250000
-0.250000
-0.250000
-0.250000
-0.250000
-0.250000
-0.250000
-0.250000
-0.250000
-0.250000
-0.288197
-0.250000
-0.250000
-0.250000
-0.250000
-0.250000
-0.250000
-0.250000
-0.250000
-0.250000
-0.250000
-0.250000
-0.250000
-0.250000
-0.250000
-0.250000
-0.250000
-0.250000
-0.250000
-0.250000
-0.250000
-0.450000
-0.250000
-0.308579
-0.329289
-0.250000
-0.250000
-0.250000
-0.329289
-0.250000
-0.250000
-0.250000
-0.250000
-0.387868
-0.455354
-0.546447
-0.250000
-0.250000
-0.250000
-0.250000
-0.250000
-0.250000
-0.250000
-0.250000
-0.250000
-0.250000
-0.250000
-0.250000
-0.250000
-0.250000
-0.250000
-0.326393
-0.258579
-0.250000
-0.250000
-0.250000
-0.250000
-0.250000
-0.250000
-0.250000
-0.250000
-0.250000
-0.250000
-0.250000
-0.250000
-0.250000
-0.250000
-0.426393
-0.250000
-0.250000
-0.455354
-0.250000
-0.250000
-0.429289
-0.250000
-0.250000
-0.250000
-0.250000
-0.408579
-0.250000
-0.250000
-0.250000
-0.250000
-0.250000
-0.250000
-0.250000
-0.250000
-0.250000
-0.250000
-0.308579
-0.250000
-0.400000
-0.250000
-0.250000
-0.250000
-0.250000
-0.250000
-0.250000
-0.250000
-0.250000
-0.467486
-0.250000
-0.338197
-0.329289
-0.326393
-0.250000
-0.250000
-0.250000
-0.376393
-0.250000
-0.250000
-0.250000
-0.250000
-0.250000
-0.250000
-0.358579
-0.250000
-0.250000
-0.250000
-0.250000
-0.250000
-0.250000
-0.250000
-0.250000
-0.250000
-0.564261
-0.250000
-0.250000
-0.250000
-0.250000
-0.250000
-0.579289
-0.250000
-0.250000
-0.250000
-0.426393
-0.250000
-0.250000
-0.250000
-0.250000
-0.250000
-0.250000
-0.350000
-0.250000
-0.296775
-0.250000
-0.250000
-0.250000
-0.288197
-0.376393
-0.417486
-0.250000
-0.250000
-0.308579
-0.329289
-0.250000
-0.250000
-0.250000
-0.250000
-0.464590
-0.250000
-0.250000
-0.250000
-0.250000
-0.250000
-0.288197
-0.250000
-0.408579
-0.250000
-0.426393
-0.476393
-0.250000
-0.288197
-0.250000
-0.250000
-0.250000
-0.250000
-0.250000
-0.250000
-0.250000
-0.250000
-0.250000
-0.250000
-0.250000
-0.250000
-0.250000
-0.250000
-0.250000
-0.288197
-0.250000
-0.250000
-0.250000
-0.338197
-0.250000
-0.376393
-0.250000
-0.250000
-0.250000
-0.250000
-0.250000
-0.250000
-0.250000
-0.250000
-0.623168
-0.250000
-0.250000
-0.250000
-0.488197
-0.250000
-0.250000
-0.250000
-0.300000
-0.250000
-0.250000
-0.250000
-0.296775
-0.250000
-0.250000
-0.250000
-0.250000
-0.250000
-0.250000
-0.250000
-0.250000
-0.250000
-0.329289
-0.329289
-0.250000
-0.250000
-0.250000
-0.250000
-0.250000
-0.579289
-0.250000
-0.250000
-0.250000
-0.250000
-0.250000
-0.250000
-0.250000
-0.250000
-0.296775
-0.250000
-0.250000
-0.526065
-0.408579
-0.250000
-0.250000
-0.250000
-0.250000
-0.376393
-0.250000
-0.250000
-0.250000
-0.250000
-0.350000
-0.250000
-0.250000
-0.250000
-0.329289
-0.250000
-0.250000
-0.250000
-0.250000
-0.250000
-0.250000
-0.250000
-0.250000
-0.250000
-0.250000
-0.250000
-0.250000
-0.250000
-0.250000
-0.250000
-0.250000
-0.250000
-0.250000
-0.396775
-0.250000
-0.250000
-0.250000
-0.367486
-0.250000
-0.367486
-0.258579
-0.250000
-0.358579
-0.529289
-0.250000
-0.250000
-0.250000
-0.288197
-0.250000
-0.250000
-0.250000
-0.250000
-0.250000
-0.250000
-0.250000
-0.250000
-0.250000
-0.250000
-0.250000
-0.250000
-0.250000
-0.250000
-0.250000
-0.367486
-0.250000
-0.250000
-0.250000
-0.250000
-0.250000
-0.250000
-0.250000
-0.250000
-0.250000
-0.567486
-0.250000
-0.250000
-0.326393
-0.288197
-0.250000
-0.400000
-0.250000
-0.250000
-0.250000
-0.250000
-0.250000
-0.250000
-0.250000
-0.250000
-0.250000
-0.250000
-0.250000
-0.250000
-0.250000
-0.250000
-0.250000
-0.250000
-0.250000
-0.250000
-0.250000
-0.250000
-0.250000
-0.250000
-0.300000
-0.250000
-0.388197
-0.250000
-0.555683
-0.250000
-0.250000
-0.250000
-0.250000
-0.250000
-0.250000
-0.250000
-0.250000
-0.250000
-0.250000
-0.250000
-0.250000
-0.526065
-0.400000
-0.250000
-0.446775
-0.250000
-0.250000
-0.250000
-0.250000
-0.250000
-0.250000
-0.250000
-0.250000
-0.250000
-0.250000
-0.250000
-0.250000
-0.250000
-0.250000
-0.250000
-0.250000
-0.250000
-0.250000
-0.250000
-0.250000
-0.250000
-0.250000
-0.250000
-0.250000
-0.250000
-0.426393
-0.250000
-0.250000
-0.387868
-0.288197
-0.250000
-0.250000
-0.250000
-0.250000
-0.250000
-0.258579
-0.250000
-0.250000
-0.250000
-0.250000
-0.250000
-0.250000
-0.250000
-0.250000
-0.250000
-0.402786
-0.250000
-0.250000
-0.250000
-0.250000
-0.250000
-0.250000
-0.250000
-0.250000
-0.250000
-0.250000
-0.250000
-0.250000
-0.308579
-0.250000
-0.250000
-0.250000
-0.379289
-0.250000
-0.288197
-0.529289
-0.288197
-0.250000
-0.250000
-0.250000
-0.250000
-0.438197
-0.250000
-0.300000
-0.250000
-0.250000
-0.250000
-0.400000
-0.250000
-0.250000
-0.250000
-0.250000
-0.350000
-0.300000
-0.250000
-0.250000
-0.250000
-0.250000
-0.250000
-0.250000
-0.250000
-0.250000
-0.358579
-0.250000
