-0.389289
0.540711
-0.320000
-0.350000
-0.420000
-0.584289
-0.350000
-0.310000
-0.310000
-0.280000
-0.380000
-0.579289
-0.320000
-0.280000
-0.320000
-0.280000
-0.370000
-0.300000
-0.429645
-0.415000
-0.405000
-0.320000
-0.625000
-0.320000
0.765711
-0.584289
-0.485000
-0.290000
-0.370000
-0.330000
-0.290000
-0.539289
-0.270000
-0.454645
-0.340000
-0.465000
-0.519289
-0.320000
-0.290000
-0.310000
-0.350000
-0.270000
-0.280000
-0.270000
-0.344645
-0.340000
-0.300000
-0.310000
-0.280000
-0.340000
-0.620000
-0.559645
-0.713223
-0.310000
-0.365000
-0.290000
-0.480000
-0.494289
-0.603934
-0.270000
-0.719645
-0.962157
-0.340000
-0.569645
-0.370000
-0.270000
-0.405000
-0.633934
-0.300000
-0.340000
-0.330000
-0.330000
-0.320000
-0.370000
-0.340000
-0.340000
-0.653934
-0.330000
-0.380000
-0.400000
-0.728579
-0.410000
-0.539289
-0.429289
-0.280000
-0.370000
-0.310000
-0.280000
-0.340000
-0.474289
-0.360000
-0.628934
-0.350000
-0.374645
-0.350000
-0.280000
-0.514645
-0.340000
-0.369289
-0.440000
-0.440000
-0.430000
-0.310000
-0.529289
-0.400000
-0.290000
-0.310000
-0.310000
-0.494289
-0.300000
-0.390000
-0.429645
-0.444645
0.686066
-0.330000
-0.484289
-0.410000
0.526777
-0.280000
0.540000
-0.520000
-0.290000
-0.310000
-0.449645
-0.370000
-0.425000
-0.280000
-0.689289
-0.374645
-0.399645
-0.320000
-0.499645
-0.405000
-0.310000
-0.310000
-0.518579
-0.280000
-0.410000
-0.405000
-0.290000
-0.429645
-0.270000
-0.360000
-0.390000
-0.410000
-0.420000
-0.415000
-0.290000
-0.509289
-0.360000
-0.480000
-0.370000
-0.500000
-0.340000
-0.330000
-0.290000
-0.473934
-0.300000
-0.450000
-0.410000
-0.450000
-0.280000
-0.499645
-0.618223
-0.360000
-0.340000
-0.280000
-0.280000
-0.320000
-0.400000
-0.445000
-0.270000
-0.360000
-0.558579
-0.340000
-0.853223
-0.493934
-0.320000
-0.414645
-0.300000
-0.595000
-0.290000
-0.330000
-0.310000
-0.340000
-0.300000
-0.379645
-0.420000
-0.504645
-0.330000
-0.668934
-0.614645
-0.360000
-0.697868
-0.772868
-0.598934
-0.444645
-0.598934
-0.310000
-0.450000
-0.499645
-0.589289
-0.628223
-0.400000
-0.460000
-0.330000
-0.325000
-0.380000
-0.320000
-0.489645
-0.380000
-0.414645
-0.354645
-0.310000
-0.389645
-0.430000
-0.280000
-0.574645
-0.683579
-0.464645
-0.629645
-0.350000
-0.605000
-0.405000
-0.354645
-0.574289
-0.424289
-0.290000
-0.454289
-0.320000
-0.742868
-0.280000
-0.290000
-0.425000
-0.533934
-0.430000
-0.380000
-0.300000
-0.330000
-0.310000
-0.509645
-0.589289
-0.588579
-0.310000
-0.310000
-0.599645
-0.280000
-0.500000
-0.310000
0.625000
-0.330000
-0.270000
-0.310000
-0.404645
-0.380000
-0.330000
-0.330000
-0.652868
-0.380000
-0.300000
-0.574645
-0.320000
-0.280000
-0.474289
-0.400000
-0.394645
-0.340000
-0.290000
-0.723579
-0.320000
0.675711
-0.435000
-0.350000
-0.380000
-0.360000
-0.538934
-0.529289
-0.400000
-0.459645
-0.270000
-0.539289
0.551421
-0.583934
-0.400000
-0.350000
-0.370000
-0.320000
-0.390000
-0.490000
-0.290000
-0.683579
0.580000
0.671066
-0.459289
-0.610000
-0.429289
-0.359645
-0.644289
-0.350000
-0.629289
0.665355
-0.618223
0.470711
-0.330000
-0.578934
-0.420000
-0.444645
-0.733934
-0.310000
-0.345000
-0.420000
-0.300000
0.751066
-0.310000
-0.340000
-0.495000
-0.404645
-0.300000
-0.485000
0.465711
-0.270000
-0.380000
-0.350000
-0.544645
-0.330000
-0.464645
-0.653579
-0.410000
-0.440000
-0.630000
-0.818579
-0.439645
-0.290000
-0.558934
-0.510000
-0.310000
-0.455000
-0.340000
-0.599645
-0.270000
-0.415000
-0.434645
-0.350000
-0.440000
-0.270000
-0.404645
-0.369289
-0.922868
-0.360000
-0.782868
0.775355
-0.575000
-0.469289
-0.350000
-0.350000
-0.340000
-0.280000
-0.370000
-0.698934
-0.405000
-0.504289
0.745355
-0.374645
-0.430000
-0.290000
-0.290000
-0.439289
-0.340000
-0.350000
-0.330000
-0.707868
-0.490000
-0.300000
-0.619645
-0.525000
-0.703579
-0.290000
-0.270000
-0.290000
-0.560000
-0.420000
-0.370000
-0.410000
-0.799289
-0.445000
-0.290000
-0.320000
-0.484645
-0.515000
-0.464645
0.556421
-0.479645
0.521421
-0.270000
-0.554289
-0.638223
-0.504289
-0.320000
-0.559289
-0.280000
-0.529289
-0.344645
-0.464645
0.645355
-0.553579
-0.400000
-0.410000
-0.500000
-0.454645
-0.660000
-0.370000
-0.414645
-0.310000
-0.494289
-0.434645
-0.280000
-0.847868
-0.764289
-0.698223
-0.483579
0.395711
-0.310000
-0.654289
-0.520000
-0.414645
-0.874289
-0.549289
-0.340000
-0.618934
-0.469289
-0.370000
-0.360000
-0.703223
-0.340000
-0.370000
-0.380000
-0.390000
-0.400000
-0.644289
-0.400000
-0.270000
-0.559289
-0.619289
-0.478934
-0.543934
-0.504645
-0.694645
-0.523579
-0.290000
-0.310000
-0.649289
-0.599645
0.645711
-0.739645
-0.410000
-0.524645
-0.390000
-0.633934
-0.544289
-0.779289
-0.424645
-0.340000
-0.480000
-0.579645
-0.480000
-0.455000
-0.270000
-0.310000
-0.654645
-0.584645
-0.545000
-0.290000
0.605711
-0.414289
-0.425000
-0.400000
-0.678579
-0.429645
-0.490000
-0.280000
-0.534645
-0.604289
-0.524645
-0.479289
-0.330000
-0.528934
-0.535000
-0.529645
-0.440000
-0.768934
-0.624645
-0.588934
0.710711
-0.400000
-0.545000
-0.350000
-0.300000
0.511777
-0.429645
-0.479645
-0.813579
-0.380000
0.486066
-0.530000
-0.469289
-0.469289
-0.459645
-0.330000
-0.639645
-0.564289
-0.384645
-0.683223
-0.330000
-0.519289
-0.594289
0.585355
-0.570000
-0.435000
-0.415000
-0.495000
-0.843579
-0.489289
-0.495000
-0.380000
-0.340000
-0.475000
-0.550000
-0.654289
-0.379645
-0.613579
-0.569645
-0.499645
-0.280000
-0.495000
-0.623934
-0.290000
-0.390000
-0.569645
-0.340000
-0.589645
-0.623579
-0.280000
-0.439289
-0.598579
-0.525000
-0.484645
-0.380000
-0.549645
-0.743223
-0.360000
-0.444645
-0.290000
-0.419289
-0.544289
0.480711
-0.440000
-0.514289
-0.598223
-0.554645
-0.300000
-0.374645
-0.539645
-0.310000
-0.599645
-0.510000
-0.519289
-0.525000
-0.430000
-0.445000
-0.290000
0.541066
-0.409289
-0.340000
-0.495000
-0.454645
-0.300000
-0.330000
-0.558223
-0.583934
-0.425000
-0.505000
-0.310000
-0.588934
-0.515000
-0.734289
-0.749645
-0.519289
-0.458579
-0.459289
-0.340000
-0.505000
-0.340000
-0.434645
-0.649645
-0.430000
-0.394645
-0.280000
-0.684645
-0.360000
-0.827868
-0.310000
0.625355
-0.673223
-0.553223
-0.643579
-0.594289
-0.380000
-0.733579
-0.738579
-0.490000
-0.897513
-0.440000
-0.594289
-0.280000
-0.872157
-0.394645
-0.280000
-0.505000
-0.464645
-0.708223
-0.445000
-0.463934
-0.324645
0.705000
-0.400000
-0.761447
-0.414289
-0.464645
-0.459289
-0.565000
-0.310000
-0.410000
-0.599289
-0.499645
0.580355
-0.390000
-0.679645
-0.455000
-0.400000
-0.419645
-0.465000
-0.560000
-0.464645
-0.374645
-0.614645
-0.778223
-0.449645
-0.405000
-0.528934
-0.560000
-0.590000
-0.494289
-0.758934
-0.583579
-0.574645
0.256421
-0.440000
-0.708934
-0.585000
-0.584645
-0.340000
-0.823579
-0.320000
-0.270000
-0.753934
0.680711
-0.474645
-0.370000
-0.664645
-0.897868
-0.400000
-0.449289
-0.554645
-0.310000
0.606777
-0.540000
-0.415000
-0.500000
-0.749289
-0.644645
-0.380000
-0.508579
-0.604645
-0.460000
-0.384645
-0.430000
-0.654289
-0.538934
-0.494645
-0.604645
-0.570000
-0.320000
-0.560000
-0.514289
-0.614289
-0.574289
0.510355
0.557132
-0.498934
-0.575000
-0.665000
-0.578934
-0.515000
-0.400000
-0.419645
-0.673934
-0.420000
-0.540000
-0.733223
-0.623934
-0.608223
0.600711
-0.450000
-0.404645
-0.330000
-0.380000
-0.390000
-0.529289
-0.360000
-0.370000
-0.539645
-0.454645
-0.669289
-0.560000
-0.689289
-0.484645
-0.503934
-0.923934
-0.330000
-0.613579
-0.569645
-0.340000
-0.709289
-0.434645
-0.709645
-0.544645
-0.310000
-0.443934
-0.589645
0.641066
-0.623934
-0.280000
-0.460000
-0.698223
-0.674645
-0.320000
-1.007157
-0.559645
0.700711
-0.614645
0.636066
-0.584289
-0.758223
-0.764289
-0.570000
-0.470000
-0.579289
0.501421
-0.558579
-0.489289
-0.548934
-0.424645
-0.524289
0.655711
-0.618579
-0.698223
0.636066
0.282132
0.356777
-0.679289
-0.578579
-0.578579
-0.699645
-0.525000
-0.669289
-0.420000
-0.630000
-0.663934
-0.673934
-0.429645
-0.320000
0.542132
-0.684645
-0.584645
-0.400000
0.335711
-0.444645
-0.480000
-0.609645
0.535711
-0.404645
-1.012868
-0.753934
-0.350000
-0.505000
-0.320000
-0.638934
-0.604645
-0.320000
-1.072868
-0.859645
-0.394645
0.741066
-0.465000
-0.520000
-0.580000
-0.564645
-0.450000
-0.489645
-0.793579
-0.300000
-0.474645
-0.653223
0.620355
-0.559289
-0.504645
-0.713223
-0.545000
-0.300000
-0.385000
-0.490000
-0.440000
-0.410000
-0.615000
0.417843
-0.544645
-0.559289
-0.898223
-0.813579
-0.824645
-0.490000
-0.280000
-0.480000
-0.579645
-0.310000
-0.634645
-0.500000
-0.544289
-0.564645
-0.833223
-0.320000
-0.610000
-0.619289
-0.604645
0.510355
-0.290000
-0.658934
-0.340000
0.341421
-0.559645
-0.280000
-0.659289
-0.783579
-0.623934
-0.630000
-0.629289
-0.778579
-0.510000
-0.500000
-0.629645
-0.415000
-0.674645
-0.664289
-0.410000
-0.520000
-0.823934
-0.648579
-0.584645
-0.628934
-0.519289
-0.440000
-0.633934
-0.549289
-0.444645
-0.490000
-0.490000
-0.823934
-0.554289
-0.524645
0.790000
-0.350000
-0.459645
0.635711
-0.534645
-0.734645
-0.435000
-0.593934
-0.484289
-0.553579
0.765711
-0.580000
-0.713934
-0.680000
-0.847868
-0.648579
-0.470000
-0.558934
-0.360000
-0.753223
-0.494645
-0.520000
-0.708934
-0.799289
-0.765000
-0.410000
-0.709645
-0.548579
0.810711
-0.593934
-0.508934
-0.712513
-0.673934
-0.454645
0.700355
-0.380000
-0.644645
-0.624289
-0.683223
-0.509289
-0.550000
-0.549645
-0.449645
0.347843
-0.588934
-0.499289
-0.907868
0.535711
-0.777868
-0.838579
-0.764645
-0.853579
-0.749645
-0.489289
-0.360000
0.765355
-0.603934
-0.722513
-0.794289
-0.330000
0.620000
-0.854645
-0.520000
-0.430000
-0.673934
-0.794645
-0.623934
-0.733579
0.595711
-0.563934
0.461421
0.600355
-0.525000
0.606421
-0.665000
-0.695000
-0.819645
-0.822157
-0.555000
0.720711
-0.380000
-0.525000
-0.569645
0.570000
-0.643223
0.770355
-0.464645
-0.803934
-0.768934
-0.350000
-0.798223
-0.644289
-0.479289
-0.404645
-0.565000
-0.609645
-0.639645
-0.613223
-0.679289
-0.300000
0.645000
-0.470000
0.506421
-0.459645
-0.489289
0.481421
-0.584645
-0.528934
0.495000
-0.578934
-0.390000
0.561421
-0.480000
-0.629645
-0.400000
-0.455000
-0.310000
0.496777
-0.659645
-0.535000
-0.738579
